100
5 5
502 872 596 434 857
627 947 641 77 786
923 509 505 713 367
987 259 667 741 316
763 149 97 797 477
3 3
736 8 104
204 219 523
352 145 564
10 10
983 165 501 711 425 486 484 474 636 929
40 34 4 389 565 487 281 630 339 159
250 581 182 322 785 185 155 11 436 713
424 921 36 771 224 340 540 345 353 957
167 356 860 156 707 343 252 118 856 521
864 963 486 916 789 147 803 60 622 526
152 626 442 135 802 182 815 340 668 973
562 679 942 576 515 478 578 50 536 591
743 927 749 394 790 270 725 399 171 393
945 727 525 429 115 254 195 338 503 713
5 5
65 281 115 998 385
397 548 783 570 926
849 718 748 700 891
128 44 86 750 596
41 800 420 700 996
3 3
52 848 491
852 849 626
745 795 893
10 10
870 981 229 713 300 208 391 769 104 481
906 432 633 793 98 696 398 53 394 835
333 542 134 535 965 78 528 322 102 361
61 351 999 843 658 319 542 542 179 827
403 674 533 32 867 948 263 569 714 998
369 36 849 744 777 382 746 732 665 645
345 223 336 6 614 941 835 927 144 605
976 662 309 206 920 422 954 944 917 213
833 90 45 55 823 785 353 655 102 749
626 997 698 82 37 494 467 185 629 263
5 5
365 164 90 477 84
6 196 293 940 847
594 26 705 330 269
206 663 22 512 293
54 811 699 689 450
3 3
228 439 163
207 419 923
626 565 703
10 10
319 724 34 37 580 401 628 637 752 867
436 70 580 423 321 214 381 12 123 430
874 732 291 765 886 560 389 659 71 169
722 820 690 854 30 921 851 655 242 315
875 860 961 54 147 225 415 269 901 717
66 342 974 896 215 625 870 124 700 852
102 921 800 633 246 641 658 276 588 18
839 321 11 153 60 189 644 371 886 247
58 310 732 65 63 941 924 345 367 492
44 554 400 81 119 282 745 252 773 859
5 5
433 452 224 252 917
913 740 380 390 664
204 113 664 908 619
834 387 149 254 353
201 789 935 770 58
3 3
943 255 947
581 862 756
209 852 990
10 10
226 950 507 88 19 575 280 549 392 654
706 510 771 992 105 661 259 916 629 993
915 476 990 632 650 10 443 115 782 487
59 254 555 48 645 446 957 477 792 661
660 733 624 357 19 900 144 975 768 101
488 497 376 841 734 680 353 940 290 68
535 896 381 627 871 405 664 183 398 262
684 320 216 707 820 623 14 346 989 334
320 943 822 837 222 224 34 751 687 328
250 871 769 812 330 129 456 952 809 203
5 5
757 222 51 855 830
246 798 549 352 4
15 172 620 80 810
922 415 872 945 543
342 519 22 432 502
3 3
941 43 737
764 656 157
985 82 667
10 10
690 781 56 936 258 701 103 848 271 861
862 774 148 577 53 17 290 630 932 501
706 246 289 211 883 918 220 414 618 486
866 401 489 430 986 124 720 273 706 856
954 204 410 678 132 126 177 146 738 967
155 200 304 519 58 218 101 71 412 954
667 805 119 240 274 811 752 904 280 460
672 308 93 794 157 388 683 606 772 311
191 350 736 599 473 832 935 318 424 588
620 833 740 472 520 234 102 155 331 909
5 5
723 941 504 854 48
435 313 117 647 972
843 959 656 279 22
57 394 391 19 704
738 293 342 704 431
3 3
941 541 27
983 44 613
539 246 493
10 10
974 368 392 123 7 384 92 547 175 516
293 987 440 574 890 205 794 711 952 780
710 499 218 123 592 415 921 504 788 604
64 829 577 275 620 244 671 180 635 592
967 930 910 496 337 542 909 460 820 535
775 31 394 322 358 532 264 317 108 105
727 110 515 909 193 337 96 447 832 247
235 65 352 745 88 678 36 55 486 784
776 675 462 883 442 895 713 460 925 361
371 855 191 977 852 727 209 657 337 727
5 5
851 237 173 397 402
766 150 265 706 974
101 64 65 894 530
495 602 649 26 549
260 389 677 704 614
3 3
985 465 511
368 720 806
152 370 695
10 10
686 825 780 74 728 682 626 86 281 963
198 775 800 400 654 698 922 490 459 247
183 919 944 462 732 126 575 769 261 793
376 302 265 520 152 768 646 330 55 633
867 870 684 160 239 203 388 711 243 871
181 301 947 781 904 888 481 903 965 788
576 653 342 538 529 636 787 318 586 495
705 441 497 98 84 90 494 629 904 150
55 423 832 412 997 310 717 162 146 621
820 843 604 68 510 147 553 385 406 735
5 5
891 622 266 242 308
149 164 240 119 770
654 349 116 990 872
457 238 37 837 401
497 91 969 676 17
3 3
906 609 848
283 746 382
862 988 284
10 10
734 398 40 569 724 176 543 820 745 248
536 173 1 87 963 156 396 3 192 989
718 662 847 805 512 284 307 484 135 284
310 750 783 724 520 889 303 86 143 742
631 866 123 563 711 417 799 762 389 385
428 404 373 451 940 930 538 266 73 474
591 241 884 381 675 118 849 761 58 128
780 475 250 573 670 310 212 383 381 257
55 810 699 69 687 356 276 252 181 89
706 896 660 333 428 872 962 582 221 550
5 5
539 673 524 164 62
695 750 238 447 631
897 687 379 295 699
381 575 879 957 807
182 807 497 276 289
3 3
521 170 687
784 877 924
468 149 652
10 10
546 267 487 75 23 181 203 862 821 671
441 82 608 997 375 556 238 306 256 954
974 651 190 460 733 939 202 573 252 158
352 97 204 947 516 681 290 111 521 191
742 556 901 104 842 208 854 881 36 247
426 974 799 961 66 309 88 139 343 543
996 363 678 515 398 706 970 234 312 147
373 587 357 775 96 990 369 332 242 133
596 877 667 271 824 865 647 731 996 136
190 851 733 505 322 22 681 483 976 641
5 5
436 675 171 906 677
812 573 813 241 409
255 903 6 836 487
109 777 664 999 131
519 804 764 573 57
3 3
145 658 485
758 422 675
518 419 198
10 10
298 937 718 236 139 243 653 801 378 940
675 332 462 660 17 749 559 115 996 592
991 326 230 192 249 457 458 61 779 484
485 345 522 126 220 274 35 105 230 957
616 547 420 146 412 134 233 819 33 503
938 315 757 970 561 623 94 851 915 16
214 3 1 484 897 481 332 598 533 764
272 321 338 970 368 32 136 593 488 415
794 160 660 583 234 545 146 682 563 962
151 872 631 782 278 542 357 125 123 771
5 5
530 490 782 946 708
834 691 490 867 737
53 544 96 583 247
978 828 850 188 734
374 916 238 558 801
3 3
460 291 1000
185 623 174
73 341 832
10 10
331 381 622 335 550 302 992 224 125 663
961 946 993 833 160 968 354 690 444 430
168 673 492 572 874 14 200 760 392 347
692 38 149 992 955 556 967 838 489 783
970 901 626 837 892 758 966 565 21 805
519 516 813 59 693 248 455 591 223 160
168 99 457 255 761 454 609 672 985 297
524 2 682 154 355 542 829 584 481 400
482 848 705 582 626 842 460 932 355 899
104 518 131 547 661 216 209 892 198 851
5 5
235 221 165 281 999
793 791 110 440 322
954 553 545 181 557
78 430 761 491 845
243 605 940 374 876
3 3
375 857 886
523 126 856
789 319 815
10 10
939 71 434 538 581 473 285 618 98 662
782 28 126 216 394 213 845 458 861 432
952 140 293 327 962 920 332 696 160 171
921 739 785 882 580 82 127 862 919 956
118 85 956 53 732 972 552 918 38 293
543 990 736 987 61 638 80 317 449 273
609 905 793 721 759 71 177 283 991 880
168 242 199 322 930 424 777 409 689 403
910 529 164 752 920 190 616 116 243 727
320 187 384 833 363 313 620 820 349 571
5 5
356 587 526 747 589
970 917 904 771 289
728 148 735 342 998
529 673 382 829 764
498 850 863 597 856
3 3
314 1000 305
413 213 322
242 757 887
10 10
431 934 915 279 372 149 123 68 805 746
740 752 26 768 545 912 839 829 56 320
585 963 315 196 25 476 245 966 639 239
142 849 689 423 377 807 36 885 744 224
803 681 85 325 366 364 515 759 184 62
60 413 996 543 492 858 694 848 883 783
662 636 286 471 667 921 735 4 959 519
619 304 677 571 402 571 542 17 490 277
374 142 968 272 168 19 997 754 539 503
117 145 773 90 919 958 225 27 952 46
5 5
169 897 162 930 161
366 253 456 11 12
289 955 210 445 660
84 558 496 58 532
197 198 655 806 29
3 3
869 675 405
414 818 639
415 502 211
10 10
975 814 680 368 622 209 422 974 967 394
447 992 649 389 542 998 445 297 795 846
460 523 303 546 258 717 702 488 853 446
716 10 707 696 867 757 96 581 310 921
595 89 649 713 556 533 506 88 742 980
200 550 863 549 33 485 300 358 389 889
34 689 833 54 38 234 690 924 886 660
72 559 175 508 112 736 76 683 597 691
214 950 882 696 386 800 331 143 758 134
328 518 15 872 375 387 981 225 1 301
5 5
671 841 164 586 380
64 673 702 382 237
943 207 333 600 899
947 763 681 431 635
222 69 950 469 76
3 3
24 907 666
236 40 26
714 681 283
10 10
505 252 435 466 968 632 325 126 115 719
122 472 307 804 129 274 16 270 12 395
642 135 352 53 477 574 401 952 472 771
247 429 773 111 207 30 599 445 748 93
907 142 818 893 231 407 754 562 167 477
496 429 426 692 310 475 473 328 169 418
382 688 612 523 548 465 196 844 361 680
190 529 947 117 252 108 352 53 945 121
76 10 721 618 302 592 388 990 324 435
855 11 27 404 733 245 925 64 26 80
5 5
112 642 716 316 721
376 576 149 584 697
244 902 919 62 876
381 84 839 638 38
377 404 838 594 889
3 3
138 934 414
392 286 859
915 843 612
10 10
803 330 803 515 645 697 206 764 443 125
581 309 165 330 852 171 8 155 862 806
886 245 470 753 65 103 465 181 838 767
858 78 577 310 898 322 228 562 449 402
847 434 304 144 915 386 25 972 541 189
778 324 402 534 514 790 136 40 385 237
58 596 289 173 980 23 663 232 928 171
117 598 829 371 536 268 633 498 426 176
399 913 130 630 506 659 141 48 833 102
833 777 87 393 187 247 802 458 136 953
5 5
483 526 255 485 285
999 44 901 420 145
720 530 392 470 395
701 193 652 194 28
923 427 457 464 467
3 3
745 341 418
790 745 55
591 125 967
10 10
236 424 233 253 598 228 928 169 103 123
309 228 508 675 957 379 902 579 270 825
199 364 564 890 542 771 164 122 903 282
999 29 509 475 398 404 801 427 74 536
981 473 860 403 993 670 727 179 877 187
981 553 568 375 987 766 16 312 20 741
598 183 226 452 600 699 732 135 922 407
716 418 970 699 179 792 352 377 336 666
711 154 420 562 243 864 157 704 691 587
875 727 206 4 98 851 541 91 944 292
5 5
563 382 813 708 377
241 724 421 344 829
481 937 444 266 627
636 34 904 969 522
418 90 151 951 859
3 3
433 438 560
810 768 898
196 823 382
10 10
635 243 776 866 708 745 151 894 413 381
123 29 667 816 455 33 130 845 825 151
327 400 934 851 993 936 455 257 123 667
368 390 284 460 637 779 716 960 657 677
916 375 313 502 327 160 20 271 345 603
540 573 790 721 54 79 890 447 220 819
988 503 673 813 824 170 34 364 506 829
789 704 770 915 292 790 932 303 514 761
591 40 603 632 502 335 255 428 285 646
383 1 836 513 420 507 851 566 69 820
5 5
168 110 327 740 347
41 863 268 248 791
953 845 586 705 324
606 349 599 831 874
893 649 327 525 61
3 3
267 625 608
487 887 588
890 802 7
10 10
921 29 398 14 797 694 336 978 354 211
124 389 625 211 824 16 914 753 515 36
714 223 541 697 791 683 381 640 171 297
303 422 37 439 861 537 107 244 692 363
631 491 234 155 721 364 320 494 401 205
698 878 29 970 970 420 338 612 24 874
713 376 39 799 173 726 330 579 311 440
137 103 660 569 568 587 634 584 753 395
274 835 441 612 841 764 759 768 995 388
765 653 933 89 496 902 449 816 812 764
5 5
992 447 979 820 836
885 88 411 653 63
377 969 342 965 569
776 584 809 283 190
101 120 644 517 765
3 3
754 585 818
503 659 861
487 495 176
10 10
835 405 622 160 739 618 535 28 549 922
69 81 366 166 260 287 259 368 628 767
819 974 104 505 157 130 656 972 116 829
570 8 514 284 450 990 137 678 353 576
834 451 274 418 5 698 586 624 89 249
542 813 880 499 479 715 354 43 499 926
485 579 990 372 319 766 197 305 793 300
824 985 283 858 697 127 74 590 409 174
442 237 53 931 193 503 218 27 315 500
207 549 834 425 430 571 176 100 974 382
5 5
981 368 249 30 809
697 533 138 547 317
627 494 461 414 276
479 930 899 682 523
249 917 346 657 647
3 3
30 557 157
9 840 682
719 853 728
10 10
175 712 56 547 863 424 721 517 623 74
605 122 578 146 548 479 671 590 676 402
610 319 683 454 839 155 468 426 466 572
39 325 116 766 557 480 533 851 594 216
126 935 868 626 689 335 984 433 448 845
409 858 187 769 658 315 507 57 200 190
47 905 477 877 271 830 373 177 608 757
132 406 808 348 697 784 469 120 348 288
628 42 906 425 449 271 593 871 212 364
125 684 899 58 533 640 607 644 615 696
5 5
940 51 606 921 87
599 853 348 402 330
122 232 670 44 475
266 651 192 205 184
670 478 413 281 829
3 3
258 72 309
708 610 439
643 165 495
10 10
520 19 871 33 680 746 246 732 136 588
936 31 678 996 754 453 565 276 903 808
896 490 307 544 340 680 603 918 363 32
470 783 791 5 594 652 1000 717 504 572
297 300 639 839 451 38 291 400 675 250
99 192 155 668 226 581 306 275 712 285
188 938 618 588 257 513 31 54 939 71
990 252 271 321 162 80 457 217 370 954
722 748 909 888 632 629 986 514 220 877
889 400 135 486 40 786 808 855 431 969
5 5
54 735 921 507 121
182 520 608 835 775
526 122 394 978 533
966 615 80 217 594
54 165 538 594 942
3 3
2 824 533
502 157 793
882 610 583
10 10
614 431 655 689 541 306 589 664 507 787
981 811 338 344 648 106 549 890 347 640
730 648 852 866 362 635 317 460 468 156
933 329 966 363 441 532 812 895 222 350
977 857 748 35 578 632 625 355 310 505
751 565 769 395 482 358 379 845 177 596
80 491 550 479 850 440 411 505 48 861
178 207 534 291 104 862 495 24 844 270
236 403 264 908 745 633 718 362 418 538
772 243 724 147 101 200 238 710 305 280
5 5
501 514 582 567 688
586 295 157 920 832
985 681 109 111 34
483 140 501 385 309
609 976 916 887 690
3 3
271 295 113
148 300 692
947 743 83
10 10
699 259 67 607 581 841 537 588 371 761
268 601 173 740 492 746 300 87 611 450
144 792 410 175 1000 308 252 544 884 131
961 696 762 643 72 73 60 469 889 508
504 395 848 313 530 172 875 241 697 796
281 995 650 320 484 761 335 665 787 951
308 517 680 68 688 609 553 787 831 542
196 4 192 281 177 705 11 205 125 286
508 305 689 677 945 375 793 85 406 399
38 549 295 284 959 578 826 766 361 598
5 5
356 741 638 273 525
306 556 326 70 911
381 385 741 540 959
590 660 181 140 755
847 645 897 226 13
3 3
621 93 448
924 420 510
692 933 24
10 10
32 23 289 732 976 541 561 962 262 245
702 667 922 284 850 811 985 824 847 702
858 187 828 498 406 560 491 318 760 787
472 470 287 454 175 634 195 723 534 157
822 189 848 557 914 42 346 664 539 57
509 348 476 921 7 53 650 846 979 316
99 253 790 560 565 33 672 332 540 483
694 579 895 834 311 54 987 603 771 896
188 316 6 798 423 177 223 789 570 71
992 327 891 902 245 718 967 874 809 477
5 5
522 689 691 51 380
87 288 199 318 768
797 244 965 218 635
967 31 344 263 55
673 539 380 338 754
3 3
653 155 980
774 494 200
607 481 274
10 10
841 806 60 566 798 884 409 47 602 877
590 90 834 833 173 529 574 573 201 209
976 390 931 340 987 913 214 507 87 91
945 643 506 511 294 544 766 43 661 246
998 668 412 956 78 496 97 313 669 155
758 800 645 464 882 377 463 548 857 816
89 606 649 329 655 217 298 147 822 898
761 425 454 363 969 576 87 249 929 847
521 109 299 303 418 400 963 559 187 775
715 767 813 852 132 16 380 244 804 960
5 5
575 52 495 151 319
354 637 633 640 430
576 207 743 439 233
614 215 550 819 691
339 420 45 855 840
3 3
210 960 455
731 990 492
789 656 368
10 10
277 291 202 435 690 361 160 215 806 781
446 484 58 598 182 424 330 535 909 536
890 379 803 389 253 179 980 746 940 135
628 571 943 800 312 539 104 728 23 916
561 551 883 675 796 709 844 835 881 971
40 743 806 260 259 347 902 296 325 893
399 290 626 148 858 453 246 267 11 113
189 162 333 705 248 563 254 158 346 598
744 696 932 569 532 628 231 233 823 104
11 994 102 981 89 55 981 480 210 716
5 5
790 677 989 795 829
861 750 562 624 811
723 876 832 48 867
251 665 448 615 272
516 363 717 213 282
3 3
160 236 635
772 562 982
19 377 369
10 10
165 935 64 442 793 113 653 509 38 641
78 984 28 644 844 763 830 345 115 500
858 934 638 521 69 271 462 998 51 126
369 197 792 818 918 635 796 334 497 407
950 536 779 442 195 662 774 728 279 267
457 8 86 958 445 265 131 959 304 847
263 672 482 883 234 594 842 81 865 816
158 298 733 587 715 813 689 92 941 748
219 268 74 60 456 829 417 613 38 184
520 938 992 380 255 204 329 468 124 985
5 5
421 600 893 836 40
235 883 843 444 937
38 725 581 362 424
870 814 347 771 497
604 756 600 48 209
3 3
360 184 873
964 752 9
427 656 436
10 10
714 914 453 391 997 155 831 978 597 433
624 51 966 398 907 578 560 332 700 716
496 542 554 646 469 229 244 409 601 420
340 390 11 977 286 59 103 395 288 834
291 969 628 31 970 979 410 377 212 708
881 141 667 922 997 223 343 35 751 878
196 345 165 87 410 713 363 367 589 977
531 202 688 983 3 26 979 319 280 500
889 551 827 362 519 576 681 455 723 854
948 241 916 198 534 623 792 905 764 964
5 5
345 890 376 114 190
796 407 775 934 396
435 458 321 730 535
317 711 976 137 931
880 374 54 211 70
3 3
891 20 824
57 797 614
479 467 630
10 10
970 340 203 593 457 318 207 448 840 143
321 746 708 403 474 515 69 524 416 633
498 752 22 483 703 945 19 919 31 318
418 695 389 322 947 644 98 273 621 275
890 833 902 656 214 104 419 507 933 506
978 53 172 570 667 781 143 813 285 963
480 607 899 305 458 510 49 370 327 718
728 111 275 675 912 501 660 41 92 333
305 799 257 438 211 246 146 132 614 17
21 439 188 700 686 250 123 40 472 934
5 5
56 216 957 299 569
1 80 544 644 57
864 922 8 604 268
903 159 182 503 28
331 406 80 319 495
3 3
330 898 338
443 726 666
670 944 327
10 10
940 370 228 162 715 158 832 616 297 490
74 685 254 32 916 131 527 550 389 331
380 877 475 386 612 742 289 477 249 683
874 583 460 212 102 86 535 658 829 333
607 420 424 13 708 177 95 908 214 18
241 262 375 148 505 899 6 761 586 157
518 997 332 437 840 593 648 953 49 906
631 156 743 53 656 858 369 957 866 103
826 946 114 833 458 5 307 891 138 855
245 22 15 248 951 907 744 239 182 754
5 5
600 930 578 987 603
122 25 286 8 806
414 602 687 806 325
660 763 631 701 190
213 40 461 544 56
3 3
869 344 396
605 399 168
576 947 124
10 10
73 147 781 525 228 332 927 218 263 607
652 335 403 455 95 672 299 728 589 731
368 145 710 828 283 264 969 558 392 551
415 695 744 170 952 732 911 207 191 503
156 323 161 349 553 52 399 957 888 128
507 323 327 189 528 950 470 926 453 824
327 763 63 776 810 921 448 758 119 911
52 415 834 275 315 163 128 84 983 816
627 196 223 164 950 16 226 615 353 72
308 229 625 218 674 199 246 145 836 544
5 5
156 194 280 139 203
798 894 19 308 210
370 397 123 691 325
257 17 851 924 317
603 491 908 623 459
3 3
552 76 238
939 51 820
370 445 600
10 10
638 326 891 480 626 212 295 135 742 107
206 10 612 347 569 633 606 286 702 188
231 606 627 624 584 465 177 409 903 693
23 83 854 109 882 492 895 419 303 729
484 855 56 824 354 901 397 8 536 25
934 721 20 564 141 596 867 946 664 301
583 416 467 968 849 722 533 977 925 113
834 17 521 780 866 833 930 323 250 805
407 174 47 702 830 876 157 583 510 75
346 369 334 157 55 470 220 169 749 324
5 5
327 798 209 23 749
892 16 132 690 555
89 198 872 620 809
826 518 826 942 563
344 497 668 285 989
