100
5 5
380 749 964 930 174
814 131 146 984 845
781 894 190 751 53
210 19 45 892 419
847 261 489 337 476
3 3
98 407 807
582 606 296
921 457 13
10 10
139 255 841 31 705 338 163 674 133 729
990 308 496 996 842 660 485 392 747 946
252 555 27 827 997 351 411 125 816 56
408 320 102 621 424 997 119 711 11 540
949 837 548 69 670 461 725 520 553 513
362 663 577 97 576 832 808 687 69 351
351 742 786 823 163 324 920 326 730 160
839 329 307 124 504 646 715 581 327 760
310 675 354 464 71 823 292 297 131 847
124 202 593 800 750 16 732 422 895 815
5 5
949 615 744 683 200
556 308 604 868 962
223 452 322 79 240
276 62 480 789 234
711 701 696 701 263
3 3
758 850 510
136 191 608
582 834 456
10 10
795 68 414 278 968 581 650 662 330 881
685 618 993 69 33 865 5 875 591 60
226 20 565 604 724 845 139 539 796 874
497 470 33 415 463 127 398 281 242 13
250 472 909 970 72 514 988 208 125 749
136 33 76 62 250 33 313 235 878 631
507 9 647 838 913 605 389 376 219 237
274 933 187 348 413 403 33 87 130 603
839 220 526 296 986 884 309 966 181 891
782 240 592 575 145 598 129 690 453 237
5 5
613 250 665 327 291
154 649 997 834 473
757 724 701 50 552
99 12 253 896 60
74 45 434 702 953
3 3
290 335 5
780 823 416
454 174 976
10 10
929 78 41 933 974 394 725 87 28 871
979 799 965 562 582 170 51 260 375 224
840 172 812 714 151 821 995 352 976 238
37 46 153 766 543 831 705 663 695 974
629 690 34 582 966 248 430 963 468 582
503 997 215 528 9 756 625 585 257 655
884 775 353 915 466 892 732 389 470 193
187 363 215 639 839 46 975 397 993 810
811 323 174 577 381 341 239 734 139 773
433 291 599 201 495 660 558 984 870 411
5 5
137 52 632 72 252
562 160 891 19 153
246 695 723 396 995
974 499 330 161 528
697 574 197 932 909
3 3
263 283 125
792 4 702
566 896 243
10 10
772 37 335 467 15 700 543 802 852 400
623 609 204 870 505 132 12 938 975 478
480 416 194 139 774 88 253 829 788 726
770 221 433 65 606 349 131 169 416 153
534 575 9 502 966 195 337 641 468 36
727 185 907 151 89 613 4 432 153 435
61 877 661 230 271 183 939 806 573 899
572 360 129 823 595 637 633 910 498 210
984 377 839 804 528 405 511 294 317 377
448 754 592 847 771 548 930 108 805 141
5 5
627 196 258 265 966
342 13 756 950 913
39 865 314 654 283
395 784 176 871 796
440 228 729 273 472
3 3
603 906 791
991 411 105
661 386 672
10 10
98 382 705 676 276 539 990 383 884 693
888 873 166 911 759 781 249 777 589 346
287 446 762 205 42 335 150 180 650 72
956 20 672 340 317 240 203 915 864 395
302 928 501 646 853 812 762 449 68 4
597 401 650 542 100 314 531 382 73 795
539 26 231 249 169 794 99 245 355 313
1000 216 371 478 384 826 962 621 719 29
997 492 617 749 668 883 942 142 340 896
730 438 169 828 816 4 314 506 996 214
5 5
849 884 621 421 548
951 23 699 612 966
459 173 158 263 552
307 667 105 660 756
989 668 331 998 169
3 3
172 705 770
447 94 17
236 436 814
10 10
962 161 759 674 870 639 183 643 138 355
919 826 261 770 959 19 394 368 46 940
352 487 858 322 222 91 326 490 770 572
783 780 8 596 339 800 402 30 904 429
366 489 57 766 777 335 608 208 289 661
68 147 702 659 954 91 876 696 781 157
716 453 676 755 678 793 539 558 581 456
309 625 958 334 378 556 742 567 11 703
938 476 1 806 152 80 621 295 801 952
237 403 415 391 806 72 688 989 54 271
5 5
623 593 909 438 53
120 953 589 590 719
161 184 799 228 267
559 238 918 460 473
73 606 422 601 480
3 3
171 877 263
272 405 989
402 203 573
10 10
831 147 130 790 99 568 36 522 917 604
164 792 942 329 56 871 531 322 303 705
319 230 210 775 783 853 24 88 238 479
645 262 140 238 296 364 466 735 298 652
901 621 329 533 273 923 178 295 783 873
557 653 651 210 982 763 278 169 172 649
862 125 968 716 57 732 690 692 957 72
158 921 8 406 266 816 581 284 246 894
396 865 879 923 327 23 430 171 966 960
452 178 265 292 640 74 881 811 736 315
5 5
773 707 192 38 919
276 595 396 809 137
708 187 943 770 595
949 614 983 41 533
703 376 157 518 278
3 3
78 536 370
515 777 621
921 792 626
10 10
90 334 317 129 47 18 573 893 929 469
298 922 1000 143 611 160 651 905 828 966
976 479 294 338 82 805 66 233 253 933
407 10 670 841 4 910 910 250 421 887
98 37 765 933 622 948 448 986 334 858
565 807 464 163 157 588 291 578 905 304
781 679 300 722 948 128 948 77 513 18
857 43 637 392 843 779 72 702 140 811
775 871 646 131 838 25 905 101 391 383
48 819 644 468 973 134 656 110 402 917
5 5
320 738 971 295 741
144 835 372 450 543
397 728 594 626 980
223 354 59 754 906
723 684 153 118 898
3 3
628 750 566
709 90 894
564 795 665
10 10
130 18 948 664 353 200 178 783 779 801
23 146 187 242 410 848 824 580 970 798
771 660 989 730 574 152 886 264 362 794
876 568 67 884 431 583 139 158 907 410
146 101 482 704 317 429 812 499 605 758
298 590 436 405 972 691 900 715 924 402
61 745 377 960 667 659 597 515 823 21
27 24 830 725 48 400 425 89 388 970
736 933 805 84 310 137 522 176 126 874
571 828 817 305 99 421 649 380 412 238
5 5
951 777 477 447 114
205 791 624 946 771
970 473 235 276 227
423 383 136 968 245
871 143 823 191 321
3 3
935 377 67
673 907 53
636 556 190
10 10
515 393 313 630 974 659 994 672 198 716
986 669 877 113 897 126 420 83 198 724
170 462 721 994 901 890 266 828 33 725
148 633 981 94 831 622 251 328 33 377
87 643 153 226 756 113 702 350 850 305
402 114 153 49 256 484 337 749 655 696
121 755 195 907 875 589 770 521 595 688
972 517 554 765 999 11 433 753 181 326
399 634 579 22 835 156 814 499 459 783
844 925 904 19 263 711 459 344 299 124
5 5
617 799 705 490 438
642 481 774 361 14
857 468 676 795 969
32 542 338 2 440
978 964 787 639 280
3 3
765 83 248
512 39 828
78 905 254
10 10
960 894 168 517 420 370 95 6 846 623
370 511 56 24 309 307 469 111 531 843
631 435 68 624 730 385 836 961 790 336
250 287 566 334 856 406 839 602 904 123
518 400 452 247 436 315 82 887 735 742
365 521 3 750 884 798 704 749 829 583
988 248 552 390 448 79 893 534 848 385
897 677 333 354 782 753 940 244 924 169
717 935 29 141 250 103 113 823 873 375
650 598 666 809 493 762 767 474 682 597
5 5
44 5 667 498 270
87 646 926 682 173
207 875 74 751 897
48 561 583 598 924
53 172 914 896 124
3 3
255 582 974
166 812 830
546 362 213
10 10
787 975 749 145 484 685 710 490 964 560
407 758 7 197 296 536 185 665 674 534
592 610 499 728 403 163 549 44 586 659
754 723 583 288 632 791 886 772 149 66
546 788 446 920 516 257 888 844 710 537
677 3 158 625 824 32 893 177 516 193
293 561 390 527 12 389 457 489 554 759
949 21 172 967 49 850 215 554 886 453
875 16 303 936 716 183 814 900 240 86
182 543 274 178 462 287 137 989 832 733
5 5
759 729 552 925 842
514 936 712 315 998
192 791 182 751 890
157 530 351 401 189
332 122 914 971 81
3 3
653 642 263
89 86 774
909 647 947
10 10
81 750 479 482 539 389 620 279 34 335
490 615 128 751 892 942 474 83 648 503
504 998 292 808 919 353 674 992 346 238
596 950 251 180 23 308 141 987 231 799
726 81 172 713 537 926 595 242 967 67
742 727 259 476 750 192 394 173 347 592
399 388 597 605 76 527 205 170 970 400
711 255 791 233 386 53 456 393 72 981
919 95 147 776 510 176 719 96 600 5
56 522 599 837 826 410 121 547 396 100
5 5
306 657 162 976 541
970 653 551 131 646
431 848 572 850 353
663 702 629 803 999
566 63 416 370 321
3 3
775 139 430
569 402 613
125 215 281
10 10
240 400 97 634 827 454 689 656 825 28
84 558 505 588 762 764 961 237 624 708
474 925 703 441 82 843 355 481 647 997
708 251 960 334 425 943 787 521 617 929
920 334 365 646 192 18 860 355 868 877
498 166 254 239 642 841 452 434 796 219
612 485 90 751 837 851 673 486 408 879
728 481 440 348 229 519 326 866 282 519
318 698 496 93 44 516 308 355 253 723
300 374 574 205 287 323 134 407 529 742
5 5
895 223 404 417 944
126 304 583 108 677
597 222 816 238 339
196 578 557 813 435
135 377 999 715 241
3 3
897 25 339
38 41 999
344 161 123
10 10
846 586 311 334 665 805 918 623 341 861
586 108 325 827 813 54 242 597 452 190
197 806 830 901 525 519 832 121 375 800
969 892 307 336 781 636 720 305 840 187
979 539 354 727 672 511 573 655 398 13
256 865 788 128 620 744 47 853 605 18
657 992 774 932 703 719 666 485 521 902
764 754 467 994 830 799 756 395 770 370
284 778 763 466 839 365 808 767 964 893
14 692 184 716 233 181 507 549 150 907
5 5
642 163 393 305 955
880 999 177 823 421
537 688 888 80 102
520 381 806 569 156
258 359 685 414 65
3 3
297 21 75
431 419 650
700 157 598
10 10
952 97 634 572 502 104 814 854 199 293
887 832 514 884 369 134 612 869 719 725
443 350 131 829 905 476 59 213 224 777
691 389 791 676 731 315 849 612 357 546
720 488 5 996 296 156 643 564 459 158
242 244 370 573 340 711 123 160 948 1
688 359 412 805 441 213 79 587 793 520
691 367 174 220 700 908 929 393 517 558
503 796 575 94 922 910 372 700 621 285
773 313 644 245 687 627 860 406 481 776
5 5
80 228 690 242 269
580 508 383 308 824
835 903 746 341 57
702 451 501 188 8
32 487 158 540 94
3 3
215 798 388
228 361 379
952 878 119
10 10
267 543 742 130 67 982 401 250 854 968
756 694 901 998 247 414 222 507 63 451
489 430 254 515 197 452 67 440 529 457
527 13 137 76 366 918 461 289 49 376
166 139 741 853 451 984 81 71 202 849
221 193 449 296 310 781 545 580 539 988
306 912 377 981 342 36 186 863 40 476
154 373 377 264 640 133 104 684 858 125
955 878 839 114 282 314 926 218 227 811
749 504 470 187 193 85 494 288 460 933
5 5
777 46 179 152 996
211 820 301 797 832
408 850 93 948 818
135 724 413 414 955
756 691 41 823 517
3 3
769 100 305
4 954 787
182 721 195
10 10
762 572 813 112 30 977 646 324 347 59
855 316 241 801 983 209 687 486 122 629
801 974 478 492 282 453 542 396 332 143
540 982 244 362 472 977 911 651 182 785
163 883 75 202 181 679 287 991 392 268
198 212 799 583 801 641 937 276 262 913
602 924 562 142 482 892 49 976 763 360
476 581 517 339 691 418 122 725 685 26
818 204 251 523 186 46 204 352 22 831
365 526 437 968 926 924 703 596 547 817
5 5
386 569 355 174 410
726 489 569 279 940
336 576 740 705 440
644 76 331 699 135
71 365 760 172 569
3 3
722 474 308
213 539 657
895 546 597
10 10
480 551 714 363 455 178 105 507 695 942
13 822 983 180 640 202 875 282 553 417
93 215 25 690 544 590 173 253 301 209
668 789 141 729 890 777 665 596 596 386
570 626 900 841 884 131 701 976 453 978
549 280 991 135 529 675 132 909 385 86
492 485 325 327 936 107 348 780 83 763
580 981 179 300 185 443 375 751 630 509
53 195 725 687 571 47 699 214 98 628
707 325 2 307 337 936 321 417 168 275
5 5
966 340 229 180 837
480 721 921 288 940
437 727 735 10 181
178 659 208 665 234
146 574 146 161 58
3 3
367 330 157
148 168 240
330 646 770
10 10
427 503 805 228 789 777 326 106 646 746
727 466 539 466 418 626 480 42 250 916
491 860 654 713 773 106 620 75 862 152
923 519 849 836 887 577 906 243 948 969
474 301 306 574 558 860 461 99 242 36
843 620 807 969 626 535 928 491 219 475
765 619 626 19 36 115 246 1000 718 505
638 534 954 745 99 725 751 133 757 248
722 933 725 88 405 984 65 489 320 816
13 715 351 168 316 929 785 482 315 353
5 5
260 481 616 670 681
184 261 603 195 90
852 786 406 964 520
332 738 907 330 731
856 491 346 650 445
3 3
989 792 845
246 123 366
893 84 174
10 10
74 660 407 110 133 186 638 523 163 668
881 759 687 784 357 115 876 649 205 119
194 920 445 911 498 948 96 753 935 477
461 718 403 877 115 109 284 193 801 419
348 929 107 799 195 668 468 881 311 911
744 913 950 10 38 212 719 324 644 368
809 953 896 918 998 967 328 448 600 669
768 956 658 159 990 504 802 960 721 944
572 158 900 545 512 16 501 868 666 55
239 701 918 7 357 736 829 183 813 40
5 5
459 462 295 368 976
663 741 43 840 134
391 808 729 886 339
797 212 526 841 362
203 595 851 260 765
3 3
949 851 999
895 798 267
1 838 33
10 10
190 558 894 686 102 710 442 371 79 817
990 90 623 759 186 411 548 441 600 3
816 746 689 335 40 993 755 491 263 377
265 643 729 567 466 77 637 437 80 817
99 737 531 829 187 728 43 90 349 924
424 8 268 479 145 593 793 637 918 54
730 445 813 611 18 348 70 769 386 220
315 92 243 924 814 544 40 137 709 323
226 599 23 363 995 675 78 772 837 559
766 590 667 565 799 787 884 962 716 411
5 5
898 47 533 374 468
94 282 814 450 281
894 451 62 667 560
918 981 778 289 25
343 439 679 756 254
3 3
685 25 528
937 555 965
755 249 890
10 10
575 832 634 133 217 752 752 183 550 783
894 84 26 569 795 902 274 309 673 337
128 514 432 23 529 922 794 784 83 132
446 483 869 282 561 343 100 473 37 479
147 365 973 466 406 189 312 505 35 906
578 512 511 757 502 543 105 88 450 508
299 478 763 783 341 566 233 54 291 959
148 644 935 281 919 852 668 471 815 833
745 27 355 354 524 115 54 143 218 401
929 692 790 751 795 591 825 751 63 38
5 5
116 368 730 388 817
215 548 216 569 556
349 582 734 362 741
827 958 919 943 834
889 294 626 868 875
3 3
510 217 62
253 284 519
965 559 101
10 10
692 960 22 520 366 159 466 752 408 443
390 829 662 160 648 819 468 969 252 647
511 85 956 223 497 114 900 155 412 773
987 490 781 494 142 269 585 552 704 833
221 756 512 190 542 589 959 121 524 923
303 221 957 664 662 974 372 161 355 978
77 380 443 550 357 958 340 73 214 62
217 930 886 230 364 544 618 274 379 737
204 71 59 635 393 666 941 762 332 123
540 302 136 35 185 339 920 822 990 1000
5 5
88 958 994 239 527
899 457 862 263 966
101 876 769 382 942
594 748 469 217 913
363 116 502 389 283
3 3
418 809 482
573 253 244
556 137 530
10 10
183 909 883 281 902 752 608 3 938 235
965 345 444 123 746 681 237 689 969 458
853 100 867 923 496 957 700 984 924 745
598 751 223 712 368 350 70 19 552 604
149 853 767 445 564 387 633 643 621 441
499 492 643 140 919 984 159 279 405 796
860 254 504 477 698 575 160 904 495 242
150 719 40 259 292 251 741 238 898 220
303 535 32 201 943 580 728 478 570 996
890 424 257 458 418 71 529 137 132 274
5 5
974 884 360 416 86
567 242 671 384 976
778 679 413 527 994
547 442 175 928 510
366 942 382 393 586
3 3
707 319 86
857 527 421
894 882 381
10 10
37 566 816 209 220 153 856 25 897 450
927 735 450 90 186 868 281 673 427 469
87 754 311 739 324 258 866 496 475 318
929 260 69 975 848 669 303 242 920 307
651 525 757 789 387 831 412 104 273 781
729 396 535 704 294 342 986 577 111 236
467 145 791 885 161 197 34 12 959 182
910 656 397 323 110 878 962 801 603 233
274 399 42 174 363 793 964 985 496 568
677 924 180 366 628 695 278 549 712 473
5 5
159 3 955 964 688
655 903 82 287 119
503 690 400 330 582
667 823 498 945 838
929 518 209 391 531
3 3
554 79 87
433 376 939
948 224 30
10 10
945 44 446 114 785 331 390 827 47 589
416 983 320 491 428 172 784 716 875 249
466 800 307 881 974 92 64 585 560 766
705 886 232 863 554 988 986 784 795 144
284 205 562 637 315 102 358 433 966 136
266 4 100 894 116 349 291 215 80 456
689 767 71 295 975 168 449 705 730 694
149 444 325 918 473 315 878 527 456 416
256 142 522 285 525 889 738 80 308 848
671 568 291 360 673 391 338 496 933 26
5 5
163 976 165 659 758
827 102 862 954 446
49 992 293 851 449
488 414 358 9 104
498 278 686 978 851
3 3
800 210 884
988 240 729
270 585 458
10 10
240 328 983 843 890 930 196 942 672 793
701 308 467 593 486 583 646 938 562 911
607 162 224 290 163 333 521 168 397 25
469 507 14 381 439 375 584 491 97 978
75 669 345 76 176 512 951 746 329 525
782 613 910 968 190 742 94 795 631 819
398 661 762 929 810 297 939 258 979 636
783 479 588 586 157 418 230 927 331 425
107 210 616 471 846 53 757 519 267 96
866 106 123 484 508 111 153 327 181 879
5 5
329 334 6 670 59
175 518 359 671 68
879 65 98 152 363
324 315 27 402 88
177 882 767 411 648
3 3
786 286 294
817 877 286
415 648 711
10 10
46 883 292 125 584 403 433 528 263 516
692 285 314 869 554 69 619 557 756 71
587 262 401 1 917 720 704 631 5 644
193 146 255 871 579 379 331 348 220 84
216 625 920 991 468 544 732 239 177 984
102 613 453 960 148 294 58 253 821 428
168 646 665 110 807 525 252 954 356 189
822 93 702 230 803 79 207 529 563 907
396 278 578 957 991 456 227 588 31 348
434 349 302 979 733 116 568 124 9 844
5 5
844 800 852 838 421
342 853 165 580 894
141 771 969 286 316
408 477 768 516 998
382 223 641 590 989
3 3
905 404 327
828 949 43
701 26 727
10 10
240 110 915 284 153 632 107 688 578 550
466 577 528 20 403 573 320 532 900 35
806 243 573 744 858 658 747 940 917 115
893 777 789 182 67 599 604 365 619 831
49 52 368 126 987 671 253 131 53 956
622 368 962 810 269 66 178 162 876 187
736 283 260 248 623 430 275 378 347 416
381 88 317 131 821 998 396 949 580 767
151 897 418 387 771 509 318 315 327 537
659 644 288 620 377 843 150 593 197 668
5 5
569 239 467 702 687
176 281 508 933 399
973 397 884 118 547
739 643 63 879 834
827 673 561 417 630
3 3
365 337 971
525 150 428
442 495 710
10 10
803 969 996 922 547 911 382 992 59 1
481 523 371 129 697 905 664 515 999 273
661 608 629 968 651 66 581 19 65 847
434 157 631 154 595 385 962 351 278 895
258 868 877 726 774 275 560 708 817 369
359 880 593 727 334 610 792 469 784 769
640 623 839 518 650 448 96 425 508 10
818 201 664 124 525 887 969 657 870 961
333 799 991 81 645 511 421 380 651 312
191 591 285 397 815 952 626 753 895 839
5 5
700 909 97 101 500
625 513 915 284 684
644 522 276 40 231
808 452 986 747 579
684 99 65 273 241
3 3
556 674 393
460 892 231
383 598 397
10 10
123 590 872 657 585 406 356 202 782 134
236 171 4 696 516 960 237 98 141 832
984 312 849 10 884 693 415 933 288 28
197 182 222 42 714 886 992 3 976 282
765 254 292 248 276 903 250 336 419 670
645 5 291 978 977 116 755 938 401 536
839 596 612 733 311 368 487 108 928 63
475 298 844 513 13 432 910 308 300 553
929 550 243 785 81 148 849 56 961 458
657 542 950 800 654 181 660 948 951 78
5 5
234 312 794 798 406
458 536 979 430 261
755 103 623 31 143
281 292 553 781 674
861 901 316 482 951
3 3
969 226 692
929 969 288
417 190 898
10 10
109 921 869 493 608 490 706 229 858 627
201 354 523 661 730 432 516 282 534 791
277 564 309 772 264 791 70 359 56 193
962 54 206 592 295 496 932 458 251 924
424 145 373 748 510 157 488 67 859 195
897 145 826 155 687 386 559 64 170 304
560 141 512 524 130 698 410 47 668 631
987 720 282 408 40 618 924 262 710 516
56 669 143 846 240 461 334 958 760 969
911 946 554 478 926 470 5 651 580 673
5 5
511 862 357 894 986
403 270 13 951 434
299 514 852 303 890
581 387 196 406 451
682 490 255 363 300
