100
2
200 100 100
2
1000000000 1000000000 1000000000
2
1000000000 100 1
2
250000001 0 1000000000
1
2215139 3563653
1
8584112 9261229
1
8163599 8293038
2
9891504 9770945 5093394
2
7684726 9643227 1840967
1
4873570 2458526
2
7483143 6559837 3762678
2
8522633 6876781 1268928
2
5003973 3673584 3554768
1
2586891 2579614
1
4528308 3642486
2
6164928 3959873 5187404
2
10986003 3142249 760484
2
3685325 1466167 4845102
2
11231282 6400527 917611
1
1187598 1546676
2
10114703 832882 987029
1
1283470 1082490
1
8610406 8691997
2
9185384 2486960 453391
1
7031237 3327226
1
6204223 9632037
1
3478292 4650430
2
10258300 1360094 6110011
1
2018032 422819
1
1431918 932763
1
8642349 2811428
2
12651631 2558706 2638694
2
3502045 4872221 2180365
2
3630836 5578015 1467393
1
3012620 4222400
1
4226186 4561355
2
12547199 2368561 8186868
2
11661608 5285144 7306289
2
12150339 2583496 7210749
1
4288445 6796634
1
4621322 5801829
2
4680949 2318204 3411850
2
8594323 6005387 4036707
2
10026544 2045242 5116701
1
6363576 7056767
2
12822332 4931913 2579104
1
1526943 600896
1
5127330 7242480
1
5340232 2062168
2
6183544 6121053 3462678
1
5995843 9295899
1
3111479 4778464
1
3768211 3036254
2
5554798 8084190 1103292
1
9892022 7300950
1
4266050 1182744
1
2404826 2717842
1
5360687 3645018
1
8706628 7017564
2
2972494 4327812 1635584
2
6623498 1168650 502724
1
2721620 2956024
2
8669918 1269299 1368295
1
3122784 5529917
2
4375086 3356804 6057828
1
4045844 4872094
1
5093122 5926068
2
7076286 6134091 9379596
1
1044523 1299015
2
7025439 8138177 7707334
2
6463534 7993004 1566054
2
10754093 3871453 9262380
2
3111946 1242595 1032837
2
2998566 1424750 1626740
2
11643231 2517692 815086
1
2744444 4283147
1
9348178 6421634
1
2510231 2035713
2
7172688 7276919 9092216
2
4476845 2226838 7162615
2
10509841 3539963 5091867
2
14043483 5693404 5493966
2
7797377 6567499 5753502
1
3681422 5255686
1
6783632 3274972
2
9326523 2456851 136755
2
16441750 2655296 539873
2
9299867 9823388 7655787
1
3075921 3504222
2
6738142 8930031 1752050
1
2643032 1925153
1
3713917 4276043
1
6088262 7713195
2
6669866 3466030 6665857
2
12943727 9317515 2703271
1
6004725 2862077
2
8371323 1421229 316067
2
2134424 1592202 3346149
2
12201224 2467621 5313448
1
8854820 6287988
